<META>
author:Wida Sari
tanggal_dibuat:17/10/2011
email:wida.sari@yahoo.com
nama_file:distribusi_listrik_pln.txt
deskripsi:Distribusi listrik PLN (MW) www.bps.go.id/tab_sub/view.php?tabel=1&daftar=1&id_subyek=07& notab=1
kegunaan:Demo
lokasi:data/propinsi.txt
primary_key:Tahun
sifat_tabel:statistik
struktur_tabel:Tahun;Sosial;Rumah_Tangga;Bisnis;Industri;Publik
</META>
<DATA>
Tahun;Sosial;Rumah_Tangga;Bisnis;Industri;Publik
1995;1159546;16927060;6052824;23689294;1799953
1996;1203962;19610853;7451232;26722189;2011766
1997;1362917;22764024;8669536;29306082;2192746
1998;1416583;24866433;8655135;28094777;2325639
1999;1417913;27482906;9082313;31431102;2320599
2000;1643562;30563319;10574947;34014123;2373681
2001;1782010;33361591;11341371;35600196;2415632
2002;1890820;34393967;12298635;37180353;2648075
2003;2023131;35753158;13223845;36494853;2945191
2004;2237826;38591235;14962254;40328206;3707975
2005;2429858;41184272;17022873;42448363;3946933
2006;2603623;43753223;18415513;43615446;4222040
2007;2908719;47324905;20608473;45802511;4602230
2008;3082428;50184187;22926282;47968859;4857099
2009;3384361;54945410;24825243;46204240;5222795
</DATA>