<META>
author:Wida Sari
tanggal_dibuat:17/10/2011
email:wida.sari@yahoo.com
nama_file:jumlah_pelanggan_pln.txt
deskripsi:Jumlah Pelanggan PLN http://www.bps.go.id/tab_sub/view.php?tabel=1&daftar=1&id_subyek=07&notab=2
kegunaan:Demo
lokasi:data/jumlah_pelanggan_pln.txt
primary_key:tahun
sifat_tabel:statistik
struktur_tabel:Tahun;Sosial;Rumah_tangga;Bisnis;Industri;Publik;Jumlah
</META>
<DATA>
Tahun;Sosial;Rumah_tangga;Bisnis;Industri;Publik;Jumlah
1995;490535;18213171;624038;38255;88324;19454323
1996;442307;20669844;708665;40153;92893;21953862
1997;498508;23199125;801317;42780;98810;24640540
1998;531864;24908697;848694;43088;102208;26434551
1999;559950;25834618;985620;42514;106186;27528888
2000;582811;26796675;1062955;44337;108627;28595405
2001;608993;27905482;1177012;46021;115369;29852877
2002;633114;28903325;1245709;46824;124927;30953899
2003;659034;29997554;1310651;46818;137324;32151381
2004;686850;31095970;1382416;46520;154689;33366445
2005;716194;32174922;1455797;46475;165965;34559353
2006;748558;33118262;1511069;46366;182713;35606968
2007;790781;34684540;1610574;46818;201016;37333729
2008;838129;36025071;1716046;47536;217304;38844086
2009;861067;37099830;1879429;479;229459;40117685
</DATA>